// row 1 pressure taps on the top of the panel
(0.6293674996233297 3.9394467083333331 0.0603681458333333)
(0.6603924988699890 3.9394467083333331 0.0782804375000000)
(0.6914174981166482 3.9394467083333331 0.0961927291666667)
(0.7224424973633075 3.9394467083333331 0.1141050208333333)
(0.6293674996233297 3.8677975416666666 0.0603681458333333)
(0.6603924988699890 3.8677975416666666 0.0782804375000000)
(0.6914174981166482 3.8677975416666666 0.0961927291666667)
(0.7224424973633075 3.8677975416666666 0.1141050208333333)
(0.6293674996233297 3.7603237916666665 0.0603681458333333)
(0.6603924988699890 3.7603237916666665 0.0782804375000000)
(0.6914174981166482 3.7603237916666665 0.0961927291666667)
(0.7224424973633075 3.7603237916666665 0.1141050208333333)
(0.6293674996233297 3.6170254583333330 0.0603681458333333)
(0.6603924988699890 3.6170254583333330 0.0782804375000000)
(0.6914174981166482 3.6170254583333330 0.0961927291666667)
(0.7224424973633075 3.6170254583333330 0.1141050208333333)
(0.6293674996233297 3.4379025416666664 0.0603681458333333)
(0.6603924988699890 3.4379025416666664 0.0782804375000000)
(0.6914174981166482 3.4379025416666664 0.0961927291666667)
(0.7224424973633075 3.4379025416666664 0.1141050208333333)
(0.6293674996233297 3.2946042083333333 0.0603681458333333)
(0.6603924988699890 3.2946042083333333 0.0782804375000000)
(0.6914174981166482 3.2946042083333333 0.0961927291666667)
(0.7224424973633075 3.2946042083333333 0.1141050208333333)
(0.6293674996233297 3.1871304583333333 0.0603681458333333)
(0.6603924988699890 3.1871304583333333 0.0782804375000000)
(0.6914174981166482 3.1871304583333333 0.0961927291666667)
(0.7224424973633075 3.1871304583333333 0.1141050208333333)
// row 1 pressure taps on the bottom of the panel
(0.6308174996233297 3.9394467083333331 0.0578551458333333)
(0.6618424988699889 3.9394467083333331 0.0757674375000000)
(0.6928674981166482 3.9394467083333331 0.0936797291666667)
(0.7238924973633074 3.9394467083333331 0.1115920208333333)
(0.6308174996233297 3.8677975416666666 0.0578551458333333)
(0.6618424988699889 3.8677975416666666 0.0757674375000000)
(0.6928674981166482 3.8677975416666666 0.0936797291666667)
(0.7238924973633074 3.8677975416666666 0.1115920208333333)
(0.6308174996233297 3.7603237916666665 0.0578551458333333)
(0.6618424988699889 3.7603237916666665 0.0757674375000000)
(0.6928674981166482 3.7603237916666665 0.0936797291666667)
(0.7238924973633074 3.7603237916666665 0.1115920208333333)
(0.6308174996233297 3.6170254583333330 0.0578551458333333)
(0.6618424988699889 3.6170254583333330 0.0757674375000000)
(0.6928674981166482 3.6170254583333330 0.0936797291666667)
(0.7238924973633074 3.6170254583333330 0.1115920208333333)
(0.6308174996233297 3.4379025416666664 0.0578551458333333)
(0.6618424988699889 3.4379025416666664 0.0757674375000000)
(0.6928674981166482 3.4379025416666664 0.0936797291666667)
(0.7238924973633074 3.4379025416666664 0.1115920208333333)
(0.6308174996233297 3.2946042083333333 0.0578551458333333)
(0.6618424988699889 3.2946042083333333 0.0757674375000000)
(0.6928674981166482 3.2946042083333333 0.0936797291666667)
(0.7238924973633074 3.2946042083333333 0.1115920208333333)
(0.6308174996233297 3.1871304583333333 0.0578551458333333)
(0.6618424988699889 3.1871304583333333 0.0757674375000000)
(0.6928674981166482 3.1871304583333333 0.0936797291666667)
(0.7238924973633074 3.1871304583333333 0.1115920208333333)
// row 2 pressure taps on the top of the panel
(0.9159674996233297 3.9394467083333331 0.0603681458333333)
(0.9469924988699889 3.9394467083333331 0.0782804375000000)
(0.9780174981166483 3.9394467083333331 0.0961927291666667)
(1.0090424973633074 3.9394467083333331 0.1141050208333333)
(0.9159674996233297 3.8677975416666666 0.0603681458333333)
(0.9469924988699889 3.8677975416666666 0.0782804375000000)
(0.9780174981166483 3.8677975416666666 0.0961927291666667)
(1.0090424973633074 3.8677975416666666 0.1141050208333333)
(0.9159674996233297 3.7603237916666665 0.0603681458333333)
(0.9469924988699889 3.7603237916666665 0.0782804375000000)
(0.9780174981166483 3.7603237916666665 0.0961927291666667)
(1.0090424973633074 3.7603237916666665 0.1141050208333333)
(0.9159674996233297 3.6170254583333330 0.0603681458333333)
(0.9469924988699889 3.6170254583333330 0.0782804375000000)
(0.9780174981166483 3.6170254583333330 0.0961927291666667)
(1.0090424973633074 3.6170254583333330 0.1141050208333333)
(0.9159674996233297 3.4379025416666664 0.0603681458333333)
(0.9469924988699889 3.4379025416666664 0.0782804375000000)
(0.9780174981166483 3.4379025416666664 0.0961927291666667)
(1.0090424973633074 3.4379025416666664 0.1141050208333333)
(0.9159674996233297 3.2946042083333333 0.0603681458333333)
(0.9469924988699889 3.2946042083333333 0.0782804375000000)
(0.9780174981166483 3.2946042083333333 0.0961927291666667)
(1.0090424973633074 3.2946042083333333 0.1141050208333333)
(0.9159674996233297 3.1871304583333333 0.0603681458333333)
(0.9469924988699889 3.1871304583333333 0.0782804375000000)
(0.9780174981166483 3.1871304583333333 0.0961927291666667)
(1.0090424973633074 3.1871304583333333 0.1141050208333333)
// row 2 pressure taps on the bottom of the panel
(0.9174174996233296 3.9394467083333331 0.0578551458333333)
(0.9484424988699889 3.9394467083333331 0.0757674375000000)
(0.9794674981166482 3.9394467083333331 0.0936797291666667)
(1.0104924973633076 3.9394467083333331 0.1115920208333333)
(0.9174174996233296 3.8677975416666666 0.0578551458333333)
(0.9484424988699889 3.8677975416666666 0.0757674375000000)
(0.9794674981166482 3.8677975416666666 0.0936797291666667)
(1.0104924973633076 3.8677975416666666 0.1115920208333333)
(0.9174174996233296 3.7603237916666665 0.0578551458333333)
(0.9484424988699889 3.7603237916666665 0.0757674375000000)
(0.9794674981166482 3.7603237916666665 0.0936797291666667)
(1.0104924973633076 3.7603237916666665 0.1115920208333333)
(0.9174174996233296 3.6170254583333330 0.0578551458333333)
(0.9484424988699889 3.6170254583333330 0.0757674375000000)
(0.9794674981166482 3.6170254583333330 0.0936797291666667)
(1.0104924973633076 3.6170254583333330 0.1115920208333333)
(0.9174174996233296 3.4379025416666664 0.0578551458333333)
(0.9484424988699889 3.4379025416666664 0.0757674375000000)
(0.9794674981166482 3.4379025416666664 0.0936797291666667)
(1.0104924973633076 3.4379025416666664 0.1115920208333333)
(0.9174174996233296 3.2946042083333333 0.0578551458333333)
(0.9484424988699889 3.2946042083333333 0.0757674375000000)
(0.9794674981166482 3.2946042083333333 0.0936797291666667)
(1.0104924973633076 3.2946042083333333 0.1115920208333333)
(0.9174174996233296 3.1871304583333333 0.0578551458333333)
(0.9484424988699889 3.1871304583333333 0.0757674375000000)
(0.9794674981166482 3.1871304583333333 0.0936797291666667)
(1.0104924973633076 3.1871304583333333 0.1115920208333333)
// row 3 pressure taps on the top of the panel
(1.2025674996233298 3.9394467083333331 0.0603681458333333)
(1.2335924988699891 3.9394467083333331 0.0782804375000000)
(1.2646174981166483 3.9394467083333331 0.0961927291666667)
(1.2956424973633074 3.9394467083333331 0.1141050208333333)
(1.2025674996233298 3.8677975416666666 0.0603681458333333)
(1.2335924988699891 3.8677975416666666 0.0782804375000000)
(1.2646174981166483 3.8677975416666666 0.0961927291666667)
(1.2956424973633074 3.8677975416666666 0.1141050208333333)
(1.2025674996233298 3.7603237916666665 0.0603681458333333)
(1.2335924988699891 3.7603237916666665 0.0782804375000000)
(1.2646174981166483 3.7603237916666665 0.0961927291666667)
(1.2956424973633074 3.7603237916666665 0.1141050208333333)
(1.2025674996233298 3.6170254583333330 0.0603681458333333)
(1.2335924988699891 3.6170254583333330 0.0782804375000000)
(1.2646174981166483 3.6170254583333330 0.0961927291666667)
(1.2956424973633074 3.6170254583333330 0.1141050208333333)
(1.2025674996233298 3.4379025416666664 0.0603681458333333)
(1.2335924988699891 3.4379025416666664 0.0782804375000000)
(1.2646174981166483 3.4379025416666664 0.0961927291666667)
(1.2956424973633074 3.4379025416666664 0.1141050208333333)
(1.2025674996233298 3.2946042083333333 0.0603681458333333)
(1.2335924988699891 3.2946042083333333 0.0782804375000000)
(1.2646174981166483 3.2946042083333333 0.0961927291666667)
(1.2956424973633074 3.2946042083333333 0.1141050208333333)
(1.2025674996233298 3.1871304583333333 0.0603681458333333)
(1.2335924988699891 3.1871304583333333 0.0782804375000000)
(1.2646174981166483 3.1871304583333333 0.0961927291666667)
(1.2956424973633074 3.1871304583333333 0.1141050208333333)
// row 3 pressure taps on the bottom of the panel
(1.2040174996233297 3.9394467083333331 0.0578551458333333)
(1.2350424988699888 3.9394467083333331 0.0757674375000000)
(1.2660674981166482 3.9394467083333331 0.0936797291666667)
(1.2970924973633076 3.9394467083333331 0.1115920208333333)
(1.2040174996233297 3.8677975416666666 0.0578551458333333)
(1.2350424988699888 3.8677975416666666 0.0757674375000000)
(1.2660674981166482 3.8677975416666666 0.0936797291666667)
(1.2970924973633076 3.8677975416666666 0.1115920208333333)
(1.2040174996233297 3.7603237916666665 0.0578551458333333)
(1.2350424988699888 3.7603237916666665 0.0757674375000000)
(1.2660674981166482 3.7603237916666665 0.0936797291666667)
(1.2970924973633076 3.7603237916666665 0.1115920208333333)
(1.2040174996233297 3.6170254583333330 0.0578551458333333)
(1.2350424988699888 3.6170254583333330 0.0757674375000000)
(1.2660674981166482 3.6170254583333330 0.0936797291666667)
(1.2970924973633076 3.6170254583333330 0.1115920208333333)
(1.2040174996233297 3.4379025416666664 0.0578551458333333)
(1.2350424988699888 3.4379025416666664 0.0757674375000000)
(1.2660674981166482 3.4379025416666664 0.0936797291666667)
(1.2970924973633076 3.4379025416666664 0.1115920208333333)
(1.2040174996233297 3.2946042083333333 0.0578551458333333)
(1.2350424988699888 3.2946042083333333 0.0757674375000000)
(1.2660674981166482 3.2946042083333333 0.0936797291666667)
(1.2970924973633076 3.2946042083333333 0.1115920208333333)
(1.2040174996233297 3.1871304583333333 0.0578551458333333)
(1.2350424988699888 3.1871304583333333 0.0757674375000000)
(1.2660674981166482 3.1871304583333333 0.0936797291666667)
(1.2970924973633076 3.1871304583333333 0.1115920208333333)
// row 4 pressure taps on the top of the panel
(1.4891674996233299 3.9394467083333331 0.0603681458333333)
(1.5201924988699891 3.9394467083333331 0.0782804375000000)
(1.5512174981166482 3.9394467083333331 0.0961927291666667)
(1.5822424973633076 3.9394467083333331 0.1141050208333333)
(1.4891674996233299 3.8677975416666666 0.0603681458333333)
(1.5201924988699891 3.8677975416666666 0.0782804375000000)
(1.5512174981166482 3.8677975416666666 0.0961927291666667)
(1.5822424973633076 3.8677975416666666 0.1141050208333333)
(1.4891674996233299 3.7603237916666665 0.0603681458333333)
(1.5201924988699891 3.7603237916666665 0.0782804375000000)
(1.5512174981166482 3.7603237916666665 0.0961927291666667)
(1.5822424973633076 3.7603237916666665 0.1141050208333333)
(1.4891674996233299 3.6170254583333330 0.0603681458333333)
(1.5201924988699891 3.6170254583333330 0.0782804375000000)
(1.5512174981166482 3.6170254583333330 0.0961927291666667)
(1.5822424973633076 3.6170254583333330 0.1141050208333333)
(1.4891674996233299 3.4379025416666664 0.0603681458333333)
(1.5201924988699891 3.4379025416666664 0.0782804375000000)
(1.5512174981166482 3.4379025416666664 0.0961927291666667)
(1.5822424973633076 3.4379025416666664 0.1141050208333333)
(1.4891674996233299 3.2946042083333333 0.0603681458333333)
(1.5201924988699891 3.2946042083333333 0.0782804375000000)
(1.5512174981166482 3.2946042083333333 0.0961927291666667)
(1.5822424973633076 3.2946042083333333 0.1141050208333333)
(1.4891674996233299 3.1871304583333333 0.0603681458333333)
(1.5201924988699891 3.1871304583333333 0.0782804375000000)
(1.5512174981166482 3.1871304583333333 0.0961927291666667)
(1.5822424973633076 3.1871304583333333 0.1141050208333333)
// row 4 pressure taps on the bottom of the panel
(1.4906174996233297 3.9394467083333331 0.0578551458333333)
(1.5216424988699890 3.9394467083333331 0.0757674375000000)
(1.5526674981166484 3.9394467083333331 0.0936797291666667)
(1.5836924973633075 3.9394467083333331 0.1115920208333333)
(1.4906174996233297 3.8677975416666666 0.0578551458333333)
(1.5216424988699890 3.8677975416666666 0.0757674375000000)
(1.5526674981166484 3.8677975416666666 0.0936797291666667)
(1.5836924973633075 3.8677975416666666 0.1115920208333333)
(1.4906174996233297 3.7603237916666665 0.0578551458333333)
(1.5216424988699890 3.7603237916666665 0.0757674375000000)
(1.5526674981166484 3.7603237916666665 0.0936797291666667)
(1.5836924973633075 3.7603237916666665 0.1115920208333333)
(1.4906174996233297 3.6170254583333330 0.0578551458333333)
(1.5216424988699890 3.6170254583333330 0.0757674375000000)
(1.5526674981166484 3.6170254583333330 0.0936797291666667)
(1.5836924973633075 3.6170254583333330 0.1115920208333333)
(1.4906174996233297 3.4379025416666664 0.0578551458333333)
(1.5216424988699890 3.4379025416666664 0.0757674375000000)
(1.5526674981166484 3.4379025416666664 0.0936797291666667)
(1.5836924973633075 3.4379025416666664 0.1115920208333333)
(1.4906174996233297 3.2946042083333333 0.0578551458333333)
(1.5216424988699890 3.2946042083333333 0.0757674375000000)
(1.5526674981166484 3.2946042083333333 0.0936797291666667)
(1.5836924973633075 3.2946042083333333 0.1115920208333333)
(1.4906174996233297 3.1871304583333333 0.0578551458333333)
(1.5216424988699890 3.1871304583333333 0.0757674375000000)
(1.5526674981166484 3.1871304583333333 0.0936797291666667)
(1.5836924973633075 3.1871304583333333 0.1115920208333333)
// row 5 pressure taps on the top of the panel
(1.7757674996233297 3.9394467083333331 0.0603681458333333)
(1.8067924988699890 3.9394467083333331 0.0782804375000000)
(1.8378174981166484 3.9394467083333331 0.0961927291666667)
(1.8688424973633075 3.9394467083333331 0.1141050208333333)
(1.7757674996233297 3.8677975416666666 0.0603681458333333)
(1.8067924988699890 3.8677975416666666 0.0782804375000000)
(1.8378174981166484 3.8677975416666666 0.0961927291666667)
(1.8688424973633075 3.8677975416666666 0.1141050208333333)
(1.7757674996233297 3.7603237916666665 0.0603681458333333)
(1.8067924988699890 3.7603237916666665 0.0782804375000000)
(1.8378174981166484 3.7603237916666665 0.0961927291666667)
(1.8688424973633075 3.7603237916666665 0.1141050208333333)
(1.7757674996233297 3.6170254583333330 0.0603681458333333)
(1.8067924988699890 3.6170254583333330 0.0782804375000000)
(1.8378174981166484 3.6170254583333330 0.0961927291666667)
(1.8688424973633075 3.6170254583333330 0.1141050208333333)
(1.7757674996233297 3.4379025416666664 0.0603681458333333)
(1.8067924988699890 3.4379025416666664 0.0782804375000000)
(1.8378174981166484 3.4379025416666664 0.0961927291666667)
(1.8688424973633075 3.4379025416666664 0.1141050208333333)
(1.7757674996233297 3.2946042083333333 0.0603681458333333)
(1.8067924988699890 3.2946042083333333 0.0782804375000000)
(1.8378174981166484 3.2946042083333333 0.0961927291666667)
(1.8688424973633075 3.2946042083333333 0.1141050208333333)
(1.7757674996233297 3.1871304583333333 0.0603681458333333)
(1.8067924988699890 3.1871304583333333 0.0782804375000000)
(1.8378174981166484 3.1871304583333333 0.0961927291666667)
(1.8688424973633075 3.1871304583333333 0.1141050208333333)
// row 5 pressure taps on the bottom of the panel
(1.7772174996233296 3.9394467083333331 0.0578551458333333)
(1.8082424988699890 3.9394467083333331 0.0757674375000000)
(1.8392674981166484 3.9394467083333331 0.0936797291666667)
(1.8702924973633075 3.9394467083333331 0.1115920208333333)
(1.7772174996233296 3.8677975416666666 0.0578551458333333)
(1.8082424988699890 3.8677975416666666 0.0757674375000000)
(1.8392674981166484 3.8677975416666666 0.0936797291666667)
(1.8702924973633075 3.8677975416666666 0.1115920208333333)
(1.7772174996233296 3.7603237916666665 0.0578551458333333)
(1.8082424988699890 3.7603237916666665 0.0757674375000000)
(1.8392674981166484 3.7603237916666665 0.0936797291666667)
(1.8702924973633075 3.7603237916666665 0.1115920208333333)
(1.7772174996233296 3.6170254583333330 0.0578551458333333)
(1.8082424988699890 3.6170254583333330 0.0757674375000000)
(1.8392674981166484 3.6170254583333330 0.0936797291666667)
(1.8702924973633075 3.6170254583333330 0.1115920208333333)
(1.7772174996233296 3.4379025416666664 0.0578551458333333)
(1.8082424988699890 3.4379025416666664 0.0757674375000000)
(1.8392674981166484 3.4379025416666664 0.0936797291666667)
(1.8702924973633075 3.4379025416666664 0.1115920208333333)
(1.7772174996233296 3.2946042083333333 0.0578551458333333)
(1.8082424988699890 3.2946042083333333 0.0757674375000000)
(1.8392674981166484 3.2946042083333333 0.0936797291666667)
(1.8702924973633075 3.2946042083333333 0.1115920208333333)
(1.7772174996233296 3.1871304583333333 0.0578551458333333)
(1.8082424988699890 3.1871304583333333 0.0757674375000000)
(1.8392674981166484 3.1871304583333333 0.0936797291666667)
(1.8702924973633075 3.1871304583333333 0.1115920208333333)
// row 6 pressure taps on the top of the panel
(2.0623674996233294 3.9394467083333331 0.0603681458333333)
(2.0933924988699890 3.9394467083333331 0.0782804375000000)
(2.1244174981166486 3.9394467083333331 0.0961927291666667)
(2.1554424973633077 3.9394467083333331 0.1141050208333333)
(2.0623674996233294 3.8677975416666666 0.0603681458333333)
(2.0933924988699890 3.8677975416666666 0.0782804375000000)
(2.1244174981166486 3.8677975416666666 0.0961927291666667)
(2.1554424973633077 3.8677975416666666 0.1141050208333333)
(2.0623674996233294 3.7603237916666665 0.0603681458333333)
(2.0933924988699890 3.7603237916666665 0.0782804375000000)
(2.1244174981166486 3.7603237916666665 0.0961927291666667)
(2.1554424973633077 3.7603237916666665 0.1141050208333333)
(2.0623674996233294 3.6170254583333330 0.0603681458333333)
(2.0933924988699890 3.6170254583333330 0.0782804375000000)
(2.1244174981166486 3.6170254583333330 0.0961927291666667)
(2.1554424973633077 3.6170254583333330 0.1141050208333333)
(2.0623674996233294 3.4379025416666664 0.0603681458333333)
(2.0933924988699890 3.4379025416666664 0.0782804375000000)
(2.1244174981166486 3.4379025416666664 0.0961927291666667)
(2.1554424973633077 3.4379025416666664 0.1141050208333333)
(2.0623674996233294 3.2946042083333333 0.0603681458333333)
(2.0933924988699890 3.2946042083333333 0.0782804375000000)
(2.1244174981166486 3.2946042083333333 0.0961927291666667)
(2.1554424973633077 3.2946042083333333 0.1141050208333333)
(2.0623674996233294 3.1871304583333333 0.0603681458333333)
(2.0933924988699890 3.1871304583333333 0.0782804375000000)
(2.1244174981166486 3.1871304583333333 0.0961927291666667)
(2.1554424973633077 3.1871304583333333 0.1141050208333333)
// row 6 pressure taps on the bottom of the panel
(2.0638174996233296 3.9394467083333331 0.0578551458333333)
(2.0948424988699887 3.9394467083333331 0.0757674375000000)
(2.1258674981166483 3.9394467083333331 0.0936797291666667)
(2.1568924973633075 3.9394467083333331 0.1115920208333333)
(2.0638174996233296 3.8677975416666666 0.0578551458333333)
(2.0948424988699887 3.8677975416666666 0.0757674375000000)
(2.1258674981166483 3.8677975416666666 0.0936797291666667)
(2.1568924973633075 3.8677975416666666 0.1115920208333333)
(2.0638174996233296 3.7603237916666665 0.0578551458333333)
(2.0948424988699887 3.7603237916666665 0.0757674375000000)
(2.1258674981166483 3.7603237916666665 0.0936797291666667)
(2.1568924973633075 3.7603237916666665 0.1115920208333333)
(2.0638174996233296 3.6170254583333330 0.0578551458333333)
(2.0948424988699887 3.6170254583333330 0.0757674375000000)
(2.1258674981166483 3.6170254583333330 0.0936797291666667)
(2.1568924973633075 3.6170254583333330 0.1115920208333333)
(2.0638174996233296 3.4379025416666664 0.0578551458333333)
(2.0948424988699887 3.4379025416666664 0.0757674375000000)
(2.1258674981166483 3.4379025416666664 0.0936797291666667)
(2.1568924973633075 3.4379025416666664 0.1115920208333333)
(2.0638174996233296 3.2946042083333333 0.0578551458333333)
(2.0948424988699887 3.2946042083333333 0.0757674375000000)
(2.1258674981166483 3.2946042083333333 0.0936797291666667)
(2.1568924973633075 3.2946042083333333 0.1115920208333333)
(2.0638174996233296 3.1871304583333333 0.0578551458333333)
(2.0948424988699887 3.1871304583333333 0.0757674375000000)
(2.1258674981166483 3.1871304583333333 0.0936797291666667)
(2.1568924973633075 3.1871304583333333 0.1115920208333333)
// row 7 pressure taps on the top of the panel
(2.3489674996233298 3.9394467083333331 0.0603681458333333)
(2.3799924988699894 3.9394467083333331 0.0782804375000000)
(2.4110174981166486 3.9394467083333331 0.0961927291666667)
(2.4420424973633077 3.9394467083333331 0.1141050208333333)
(2.3489674996233298 3.8677975416666666 0.0603681458333333)
(2.3799924988699894 3.8677975416666666 0.0782804375000000)
(2.4110174981166486 3.8677975416666666 0.0961927291666667)
(2.4420424973633077 3.8677975416666666 0.1141050208333333)
(2.3489674996233298 3.7603237916666665 0.0603681458333333)
(2.3799924988699894 3.7603237916666665 0.0782804375000000)
(2.4110174981166486 3.7603237916666665 0.0961927291666667)
(2.4420424973633077 3.7603237916666665 0.1141050208333333)
(2.3489674996233298 3.6170254583333330 0.0603681458333333)
(2.3799924988699894 3.6170254583333330 0.0782804375000000)
(2.4110174981166486 3.6170254583333330 0.0961927291666667)
(2.4420424973633077 3.6170254583333330 0.1141050208333333)
(2.3489674996233298 3.4379025416666664 0.0603681458333333)
(2.3799924988699894 3.4379025416666664 0.0782804375000000)
(2.4110174981166486 3.4379025416666664 0.0961927291666667)
(2.4420424973633077 3.4379025416666664 0.1141050208333333)
(2.3489674996233298 3.2946042083333333 0.0603681458333333)
(2.3799924988699894 3.2946042083333333 0.0782804375000000)
(2.4110174981166486 3.2946042083333333 0.0961927291666667)
(2.4420424973633077 3.2946042083333333 0.1141050208333333)
(2.3489674996233298 3.1871304583333333 0.0603681458333333)
(2.3799924988699894 3.1871304583333333 0.0782804375000000)
(2.4110174981166486 3.1871304583333333 0.0961927291666667)
(2.4420424973633077 3.1871304583333333 0.1141050208333333)
// row 7 pressure taps on the bottom of the panel
(2.3504174996233296 3.9394467083333331 0.0578551458333333)
(2.3814424988699892 3.9394467083333331 0.0757674375000000)
(2.4124674981166487 3.9394467083333331 0.0936797291666667)
(2.4434924973633079 3.9394467083333331 0.1115920208333333)
(2.3504174996233296 3.8677975416666666 0.0578551458333333)
(2.3814424988699892 3.8677975416666666 0.0757674375000000)
(2.4124674981166487 3.8677975416666666 0.0936797291666667)
(2.4434924973633079 3.8677975416666666 0.1115920208333333)
(2.3504174996233296 3.7603237916666665 0.0578551458333333)
(2.3814424988699892 3.7603237916666665 0.0757674375000000)
(2.4124674981166487 3.7603237916666665 0.0936797291666667)
(2.4434924973633079 3.7603237916666665 0.1115920208333333)
(2.3504174996233296 3.6170254583333330 0.0578551458333333)
(2.3814424988699892 3.6170254583333330 0.0757674375000000)
(2.4124674981166487 3.6170254583333330 0.0936797291666667)
(2.4434924973633079 3.6170254583333330 0.1115920208333333)
(2.3504174996233296 3.4379025416666664 0.0578551458333333)
(2.3814424988699892 3.4379025416666664 0.0757674375000000)
(2.4124674981166487 3.4379025416666664 0.0936797291666667)
(2.4434924973633079 3.4379025416666664 0.1115920208333333)
(2.3504174996233296 3.2946042083333333 0.0578551458333333)
(2.3814424988699892 3.2946042083333333 0.0757674375000000)
(2.4124674981166487 3.2946042083333333 0.0936797291666667)
(2.4434924973633079 3.2946042083333333 0.1115920208333333)
(2.3504174996233296 3.1871304583333333 0.0578551458333333)
(2.3814424988699892 3.1871304583333333 0.0757674375000000)
(2.4124674981166487 3.1871304583333333 0.0936797291666667)
(2.4434924973633079 3.1871304583333333 0.1115920208333333)
